-10.63 88.75 -23.14
1.00 1.00 1.00
-107.93 -2.20 -86.75
0.00 1.00 1.00
49.60 0.70 -102.71
1.00 1.00 0.00
71.42 -5.45 38.32
0.00 1.00 1.00
-103.71 -3.82 50.07
0.00 1.00 1.00
-245.84 10.85 -15.46
1.00 1.00 0.00
-349.87 36.12 -23.72
1.00 1.00 0.00
-434.01 65.02 -27.45
1.00 0.00 0.00
-518.83 91.85 -25.72
1.00 0.00 0.00
-599.25 110.86 -20.71
1.00 0.00 0.00
-620.25 106.74 -81.50
0.00 1.00 1.00
-627.61 102.08 -162.10
1.00 0.00 1.00
-626.52 101.67 -240.16
0.00 0.00 1.00
-624.74 103.04 -307.32
1.00 0.00 0.00
-624.79 104.36 -371.40
1.00 0.00 0.00
-625.76 105.16 -438.56
0.00 0.00 1.00
-623.76 104.87 -496.32
1.00 0.00 1.00
-623.71 104.38 -566.62
0.00 0.00 1.00
-666.57 103.35 -664.54
0.00 0.00 1.00
-599.65 103.80 -652.71
1.00 0.00 1.00
-513.51 104.70 -627.44
1.00 1.00 0.00
-418.28 104.92 -628.13
1.00 1.00 1.00
-349.56 103.59 -630.88
1.00 1.00 0.00
-276.18 102.93 -632.48
1.00 0.00 0.00
-198.11 102.62 -634.47
1.00 1.00 0.00
-129.33 102.50 -636.14
1.00 0.00 0.00
-46.55 102.40 -637.57
0.00 1.00 0.00
-21.26 97.51 -587.39
1.00 1.00 1.00
-14.81 90.08 -506.98
0.00 0.00 1.00
-12.28 72.12 -439.07
1.00 1.00 0.00
-11.28 54.48 -371.03
1.00 1.00 1.00
-11.51 36.98 -306.15
0.00 0.00 1.00
-11.66 18.08 -235.13
1.00 0.00 0.00
-7.31 0.76 -151.21
1.00 1.00 1.00
162.31 -32.82 -38.23
1.00 0.00 1.00
244.52 -57.57 -36.67
0.00 0.00 1.00
321.10 -79.54 -34.76
0.00 1.00 0.00
388.86 -98.20 -33.91
0.00 0.00 1.00
452.43 -114.26 -32.10
0.00 1.00 1.00
552.49 -131.25 -29.94
1.00 0.00 0.00
600.34 -136.46 30.48
1.00 0.00 0.00
596.06 -136.32 113.15
0.00 1.00 0.00
595.63 -137.79 195.93
0.00 0.00 1.00
594.78 -140.06 277.20
0.00 0.00 1.00
593.88 -142.55 363.05
0.00 1.00 0.00
608.50 -145.78 430.25
1.00 1.00 1.00
648.72 -150.24 504.05
1.00 0.00 0.00
654.62 -150.21 585.03
1.00 1.00 0.00
627.80 -148.98 649.08
1.00 1.00 1.00
553.89 -147.63 657.82
0.00 1.00 0.00
484.48 -142.51 640.19
1.00 0.00 1.00
418.67 -147.90 594.47
1.00 0.00 0.00
342.54 -150.04 590.12
1.00 0.00 0.00
255.06 -149.91 591.16
0.00 0.00 1.00
177.00 -151.37 589.45
1.00 0.00 0.00
105.16 -153.57 587.91
1.00 1.00 0.00
11.54 -156.85 587.63
0.00 1.00 1.00
-18.12 -161.82 526.86
1.00 1.00 1.00
-24.60 -135.16 457.48
1.00 1.00 1.00
-27.09 -105.11 387.08
1.00 1.00 1.00
-27.21 -78.21 320.41
1.00 0.00 0.00
-27.35 -54.18 257.65
0.00 0.00 1.00
-27.64 -29.95 175.28
0.00 1.00 1.00